Orange Kiwifruit | 5282 S KIND ST 63873 | 420334746 | 1998 6 2 | 578534 | 2016 6 6 | 2020 6 4 | 108 | 68 | 15
Green Avocado | 4966 S QUINCE ST 53078 | 701732584 | 2001 9 22 | 319639 | 2019 9 2 | 2023 9 4 | 29 | 28 | 12
Massive Fried | 6928 S NICE ST 44437 | 911676328 | 1992 7 3 | 224944 | 2010 7 3 | 2014 7 3 | 28 | 16 | 16
Feijoa Grapefruit | 7223 S HAPPY ST 52797 | 950397480 | 1991 10 4 | 257938 | 2009 10 3 | 2013 10 3 | 130 | 130 | 13
Orange Nice | 7535 S COCONUT ST 31231 | 578556999 | 1993 6 17 | 565698 | 2011 6 1 | 2015 6 6 | 90 | 90 | 12
Salt Wonderful | 4116 S BLUEBERRIES ST 38825 | 861428616 | 1992 8 25 | 680164 | 2010 7 31 | 2014 7 3 | 14 | 8 | 13
Acerola Guava | 4280 S MOCHA ST 62031 | 285777664 | 2002 11 6 | 551285 | 2020 11 6 | 2024 11 1 | 98 | 98 | 14
Grapefruit Bean | 1958 S BEAUTIFUL ST 88122 | 825986617 | 1997 1 27 | 523501 | 2015 1 6 | 2019 1 6 | 115 | 115 | 12
Kiwifruit Soup | 3311 S LOQUAT ST 51890 | 247611921 | 1999 3 12 | 802685 | 2017 3 3 | 2021 3 2 | 39 | 20 | 13
Mango Jackfruit | 9404 S RASPBERRIES ST 96853 | 438794508 | 2000 10 21 | 443241 | 2018 10 3 | 2022 9 31 | 92 | 92 | 12
Breadfruit Carambola | 2543 S RED ST 41483 | 341455979 | 1994 10 18 | 640447 | 2012 9 31 | 2016 9 4 | 97 | 97 | 16
Rho Watermelon | 8465 S JACKFRUIT ST 27609 | 516296517 | 1992 9 17 | 539180 | 2010 9 1 | 2014 9 6 | 6 | 5 | 12
Pepper Pastries | 1218 S ORANGE ST 98006 | 123371374 | 1996 5 4 | 145789 | 2014 5 4 | 2018 5 4 | 78 | 78 | 12
Cherries Black | 9534 S LOQUAT ST 68295 | 417100513 | 1997 7 27 | 529166 | 2015 7 5 | 2019 7 4 | 44 | 41 | 14
Carambola Sour | 5132 S LEMON ST 44074 | 280666536 | 2000 5 1 | 660011 | 2018 5 5 | 2022 5 3 | 90 | 90 | 14
Sauteed Salt | 4185 S SOUP ST 31657 | 452289792 | 1991 4 18 | 808464 | 2009 4 1 | 2013 4 6 | 113 | 113 | 15
Strawberries Kumquat | 3790 S COOL ST 55102 | 467999179 | 2002 6 8 | 521278 | 2020 6 2 | 2024 6 5 | 78 | 78 | 13
Mango Muscular | 9883 S RASPBERRIES ST 48165 | 403031652 | 1996 6 9 | 582322 | 2014 6 4 | 2018 6 6 | 124 | 124 | 14
Bean Pineapple | 3912 S PINK ST 82094 | 357374007 | 1998 10 10 | 437861 | 2016 10 4 | 2020 10 6 | 130 | 107 | 15
Pummeio Happy | 9505 S WHITE ST 55187 | 941606290 | 1995 3 9 | 930630 | 2013 3 2 | 2017 3 3 | 27 | 27 | 15
