Grilled Bean | 1524 S BEAN ST 55372 | 944971573 | 1994 11 12 | 247778 | 2012 11 3 | 2016 11 2 | 66 | 66 | 15
Elderberries Orange | 6606 S BREADFRUIT ST 57835 | 118056728 | 1995 5 15 | 578336 | 2013 5 6 | 2017 5 5 | 12 | 7 | 15
Gooseberries Chicken | 6293 S VIOLET ST 76723 | 241623274 | 1991 8 2 | 381236 | 2009 8 3 | 2013 8 5 | 89 | 89 | 12
Grapes Watermelon | 1228 S WHITE ST 87643 | 761732999 | 1998 1 8 | 269280 | 2016 1 2 | 2020 1 3 | 36 | 35 | 14
Acerola Figs | 2274 S PINEAPPLE ST 10623 | 798199873 | 1997 11 17 | 148538 | 2015 11 5 | 2019 10 30 | 80 | 80 | 16
Pickles Chicken | 7190 S FEIJOA ST 43274 | 321178053 | 1998 2 19 | 920352 | 2016 2 6 | 2020 2 1 | 55 | 55 | 16
Strawberries Cantaloupe | 8688 S LOQUAT ST 49649 | 306400615 | 1990 8 18 | 863020 | 2008 8 4 | 2012 8 5 | 50 | 50 | 14
Chicken Happy | 1732 S CARAMEL ST 96835 | 996687439 | 1996 1 23 | 622238 | 2014 0 31 | 2018 0 6 | 22 | 22 | 15
Mocha Red | 8628 S HUGE ST 26289 | 570305427 | 1998 10 17 | 883935 | 2016 10 4 | 2020 10 6 | 108 | 108 | 15
Happy Spicy | 7323 S CHICKEN ST 66474 | 381921729 | 1997 5 16 | 763433 | 2015 5 3 | 2019 5 4 | 65 | 65 | 15
Feijoa Pineapple | 6617 S ACEROLA ST 24270 | 905414177 | 2002 4 17 | 184132 | 2020 4 6 | 2024 4 4 | 76 | 76 | 16
Loquat Violet | 7975 S MANGO ST 75258 | 626613583 | 2001 0 24 | 444470 | 2019 0 4 | 2023 0 6 | 126 | 126 | 14
Nice Quince | 9244 S AWESOME ST 32853 | 931216979 | 1991 9 6 | 692111 | 2009 9 2 | 2013 9 6 | 125 | 125 | 14
Awesome Carambola | 4254 S FIGS ST 88732 | 577214248 | 1991 11 9 | 530955 | 2009 11 3 | 2013 11 5 | 30 | 22 | 12
Coconut Cool | 7432 S BLACKBERRIES ST 71091 | 721842808 | 1991 0 15 | 629050 | 2009 0 4 | 2013 0 1 | 13 | 13 | 13
Clementine Melon | 7654 S QUINCE ST 19617 | 181725302 | 1999 2 21 | 859631 | 2017 2 2 | 2021 2 5 | 78 | 47 | 13
Hot Pastries | 1804 S GRILLED ST 10465 | 908878726 | 1991 11 1 | 640469 | 2009 11 2 | 2013 11 4 | 40 | 40 | 13
Gooseberries Soobin | 2896 S CARAMBOLA ST 81740 | 917280030 | 1990 6 22 | 424954 | 2008 6 2 | 2012 6 4 | 113 | 111 | 12
Kiwifruit Wonderful | 3091 S SAUTEED ST 99315 | 566380390 | 2002 1 2 | 759338 | 2020 0 31 | 2024 0 6 | 87 | 87 | 12
Pummeio Blackberries | 5368 S PASTRIES ST 36707 | 213232664 | 2003 0 17 | 151373 | 2021 0 6 | 2025 0 4 | 53 | 53 | 16
