Kiwifruit Awesome | 6678 S JUJUBE ST 37997 | 250600713 | 1997 1 13 | 744025 | 2015 1 6 | 2019 1 6 | 119 | 119 | 15
Pineapple Happy | 7727 S HOT ST 53319 | 930567951 | 2002 5 13 | 849679 | 2020 5 5 | 2024 5 6 | 96 | 48 | 14
Watermelon Wonderful | 1885 S GRAPES ST 18834 | 891494052 | 1996 4 11 | 559507 | 2014 4 1 | 2018 4 5 | 47 | 25 | 12
Apple Bean | 9378 S JACKFRUIT ST 85156 | 304762132 | 1998 11 16 | 414336 | 2016 11 5 | 2020 11 2 | 90 | 90 | 16
Cool Pickles | 9614 S BLACKBERRIES ST 76707 | 984016791 | 1990 6 15 | 638853 | 2008 6 2 | 2012 6 4 | 41 | 41 | 12
Green Guava | 5784 S GRAPEFRUIT ST 44532 | 966372465 | 1999 1 28 | 894369 | 2017 1 2 | 2021 1 5 | 53 | 53 | 16
Pineapple Sauteed | 5516 S COOL ST 68496 | 830154774 | 1994 1 20 | 158283 | 2012 1 2 | 2016 1 5 | 23 | 12 | 16
Banana Pickles | 8349 S WATERMELON ST 60482 | 424972869 | 2002 8 10 | 192579 | 2020 8 3 | 2024 8 5 | 99 | 99 | 16
Pastries Soobin | 7656 S APPLE ST 65881 | 320883652 | 2002 3 3 | 308527 | 2020 3 4 | 2024 2 31 | 78 | 40 | 16
Amazing Red | 3261 S MASSIVE ST 98777 | 535033499 | 1990 6 11 | 523721 | 2008 6 5 | 2012 5 30 | 40 | 40 | 15
Sweet Apricots | 8010 S PINEAPPLE ST 94974 | 687026986 | 1993 10 22 | 457595 | 2011 10 3 | 2015 10 5 | 26 | 26 | 13
Happy Pummeio | 3617 S SOUR ST 88063 | 557117933 | 1997 1 21 | 576924 | 2015 0 31 | 2018 11 31 | 3 | 3 | 16
Mango Figs | 9949 S MANGO ST 84175 | 891951642 | 1992 0 11 | 707961 | 2010 0 1 | 2014 0 6 | 107 | 107 | 16
Cranberries Acerola | 1653 S CANTALOUPE ST 50827 | 824600883 | 2001 1 28 | 948104 | 2019 1 4 | 2023 1 2 | 60 | 32 | 16
Chocolate Sauteed | 3146 S SOOBIN ST 50005 | 705742069 | 1998 0 17 | 361673 | 2016 0 1 | 2020 0 6 | 4 | 4 | 16
Clementine Apple | 2384 S CHERIMOYA ST 82918 | 869616445 | 2000 3 18 | 932647 | 2018 3 3 | 2022 3 3 | 66 | 33 | 16
Cherries Green | 3204 S DURIAN ST 22527 | 790951755 | 2001 8 26 | 343549 | 2019 8 4 | 2023 8 4 | 83 | 83 | 16
Sour Feijoa | 9907 S AVOCADO ST 52869 | 934570671 | 1997 7 19 | 913371 | 2015 7 4 | 2019 7 3 | 29 | 15 | 15
Cranberries Caramel | 1127 S MASSIVE ST 95627 | 466025882 | 2002 3 26 | 580460 | 2020 3 6 | 2024 3 2 | 30 | 30 | 13
Jujube Durian | 9806 S ORANGE ST 48442 | 926799578 | 1998 8 18 | 797930 | 2016 7 31 | 2020 7 4 | 86 | 86 | 16
